0   3793 (  0)   3812 (  0)   3821 ( 48)   3867 (  5)   3830 ( 43)   3786 ( 76)   3747 ( 73)   3717 ( 98)   3683 (101)   3652 (101)
10   3621 ( 98)   3592 (101)   3561 (101)   3533 (101)   3504 (104)   3478 (104)   3448 (104)   3424 (104)   3400 (107)   3373 (107)
20   3346 (112)   3323 (107)   3297 (107)   3274 (109)   3248 (115)   3228 (115)   3202 (112)   3182 (112)   3159 (115)   3143 (118)
30   3119 (112)   3102 (118)   3080 (118)   3062 (115)   3041 (118)   3024 (115)   3004 (121)   2983 (121)   2966 (121)   2949 (121)
40   2935 (121)   2915 (121)   2897 (118)   2881 (121)   2866 (121)   2851 (121)   2839 (121)   2823 (126)   2807 (124)   2792 (126)
50   2781 (129)   2764 (129)   2749 (129)   2738 (129)   2724 (129)   2709 (129)   2696 (126)   2685 (126)   2673 (126)   2656 (129)
60   2648 (132)   2635 (132)   2624 (135)   2610 (135)   2602 (129)   2586 (132)   2578 (138)   2565 (135)   2555 (132)   2545 (129)
70   2535 (129)   2525 (135)   2514 (132)   2504 (132)   2499 (135)   2483 (135)   2478 (138)   2465 (138)   2459 (135)   2450 (140)
80   2447 (135)   2504 (138)   2435 (138)   2432 (140)   2433 (135)   2428 (101)   2423 (243)   2414 (112)   2408 (118)   2394 (121)
90   2388 (126)   2376 (121)   2370 (118)   2360 (126)   2354 (121)   2346 (124)   2340 (121)   2332 (126)   2327 (121)   2321 (129)
100   2315 (129)   2312 (135)   2303 (135)   2298 (132)   2291 (135)   2290 (135)   2280 (132)   2276 (132)   2273 (132)   2266 (135)
110   2261 (132)   2257 (138)   2251 (132)   2254 (140)   2248 (138)   2246 (135)   2240 (138)   2239 (140)   2234 (149)   2231 (149)
120   2227 (157)   2223 (152)   2217 (152)   2214 (155)   2212 (157)   2206 (152)   2207 (155)   2202 (152)   2199 (155)   2192 (155)
130   2187 (152)   2183 (157)   2183 (157)   2176 (155)   2178 (157)   2171 (152)   2174 (149)   2167 (152)   2170 (152)   2166 (155)
140   2164 (149)   2159 (155)   2165 (149)   2159 (160)   2161 (152)   2158 (152)   2157 (149)   2155 (157)   2156 (149)   2153 (152)
150   2154 (152)   2154 (149)   2149 (149)   2153 (155)   2152 (155)   2154 (155)   2157 (157)   2154 (152)   2151 (155)   2147 (155)
160   2148 (157)   2153 (157)   2155 (157)   2151 (155)   2155 (155)   2147 (152)   2150 (157)   2153 (155)   2148 (157)   2152 (157)
170   2155 (149)   2157 (152)   2158 (152)   2154 (149)   2154 (149)   2156 (152)   2157 (155)   2160 (149)   2164 (146)   2163 (146)
180   2160 (152)   2160 (146)   2164 (152)   2167 (152)   2167 (149)   2170 (143)   2173 (146)   2171 (146)   2179 (152)   2179 (143)
190   2180 (149)   2180 (152)   2187 (143)   2189 (146)   2188 (149)   2195 (143)   2196 (149)   2196 (143)   2200 (143)   2205 (146)
200   2205 (146)   2211 (143)   2214 (140)   2214 (146)   2222 (146)   2223 (143)   2228 (143)   2229 (140)   2232 (146)   2236 (143)
210   2239 (140)   2243 (149)   2246 (146)   2250 (140)   2251 (146)   2254 (146)   2260 (143)   2264 (140)   2268 (143)   2272 (140)
220   2275 (140)   2282 (143)   2288 (140)   2293 (140)   2295 (140)   2299 (138)   2306 (143)   2312 (138)   2318 (143)   2319 (143)
230   2325 (140)   2332 (143)   2340 (138)   2344 (140)   2350 (143)   2357 (140)   2362 (140)   2368 (143)   2375 (140)   2378 (140)
240   2385 (143)   2394 (143)   2404 (140)   2403 (140)   2411 (140)   2419 (140)   2425 (138)   2438 (140)   2441 (138)   2449 (140)
250   2457 (138)   2466 (135)   2475 (138)   2481 (135)   2491 (138)   2499 (140)   2506 (135)   2516 (132)   2523 (135)   2532 (138)
260   2543 (138)   2553 (135)   2562 (135)   2574 (135)   2581 (132)   2594 (132)   2601 (132)   2616 (129)   2622 (126)   2635 (129)
270   2655 (129)   2668 (132)   2679 (132)   2689 (132)   2699 (132)   2709 (129)   2717 (126)   2733 (126)   2743 (129)   2754 (126)
280   2761 (124)   2776 (124)   2787 (124)   2799 (126)   2811 (126)   2824 (124)   2839 (126)   2852 (121)   2862 (124)   2874 (124)
290   2887 (121)   2902 (126)   2915 (118)   2930 (121)   2941 (115)   2962 (118)   2975 (115)   2990 (118)   3006 (115)   3025 (118)
300   3035 (118)   3052 (121)   3070 (118)   3084 (115)   3102 (115)   3117 (118)   3140 (121)   3155 (118)   3173 (115)   3193 (115)
310   3212 (118)   3227 (109)   3250 (115)   3271 (112)   3293 (112)   3313 (109)   3338 (115)   1906 (112)   1967 (112)   1975 (109)
320   1974 (112)   1972 (109)   1974 (118)   1974 (149)   1978 (155)   1980 (149)   1982 (140)   1982 (146)   1983 (143)   1985 (149)
330   1990 (155)   1989 (152)   1996 (140)   1996 (140)   1994 (146)   1997 (149)   1999 (152)   1845 (157)   3126 (149)   3101 (143)
340   3093 (143)   3082 (138)   3069 ( 92)   3061 (118)   3051 (118)   3043 (115)   3033 (129)   3024 (149)   3015 (143)   3003 (118)
350   2995 (121)   2986 (129)   2977 (124)   2968 (126)   2957 (126)   2970 (126)   2971 (129)   2961 (126)   2952 (132)   2946 (126)
360   2935 (146)   2931 (160)   2924 (155)   2916 (157)   2912 (157)   2903 (155)   2889 (157)   2886 (155)   2877 (155)   2873 (163)
370   2863 (163)   2859 (155)   2853 (157)   2848 (157)   2837 (160)   2832 (157)   2830 (160)   2822 (157)   2813 (166)   2810 (157)
380   2806 (163)   2802 (166)   2794 (163)   2789 (160)   2784 (160)   2779 (163)   2776 (163)   2769 (163)   2767 (160)   2763 (163)
390   2759 (163)   2751 (166)   2749 (160)   2744 (166)   2735 (163)   2737 (166)   2731 (166)   2728 (166)   2724 (163)   2719 (163)
400   2720 (163)   2714 (160)   2717 (163)   2712 (166)   2708 (163)   2707 (166)   2695 (163)   2698 (169)   2702 (169)   2692 (169)
410   2692 (166)   2685 (166)   2684 (163)   2681 (172)   2683 (163)   2680 (166)   2678 (163)   2672 (166)   2674 (163)   2670 (166)
420   2671 (163)   2667 (166)   2666 (163)   2664 (169)   2660 (163)   2664 (166)   2666 (163)   2664 (166)   2658 (163)   2654 (166)
430   2660 (166)   2658 (169)   2657 (169)   2651 (166)   2652 (166)   2655 (169)   2657 (169)   2668 (166)   2653 (163)   2659 (166)
440   2652 (166)   2657 (166)   2657 (172)   2655 (163)   2659 (169)   2662 (166)   2658 (166)   2659 (163)   2663 (163)   2660 (166)
450   2667 (169)   2664 (163)   2671 (166)   2666 (166)   2664 (166)   2664 (169)   2671 (163)   2686 (169)   2678 (163)   2679 (160)
460   2680 (163)   2680 (163)   2684 (172)   2686 (166)   2685 (166)   2688 (166)   2692 (163)   2691 (166)   2699 (163)   2701 (163)
470   2696 (163)   2704 (163)   2706 (160)   2707 (166)   2714 (166)   2717 (160)   2720 (163)   2722 (163)   2726 (160)   2731 (163)
480   2734 (160)   2739 (160)   2745 (160)   2744 (160)   2752 (163)   2754 (160)   2755 (160)   2772 (163)   2765 (157)   2771 (163)
490   2776 (157)   2782 (155)   2784 (169)   2787 (157)   2795 (160)   2802 (160)   2805 (160)   2810 (155)   2818 (155)   2830 (160)
500   2826 (160)   2834 (157)   2841 (155)   2844 (157)   2854 (163)   2859 (155)   2867 (155)   2868 (155)   2880 (155)   2888 (157)
510   2893 (155)   2903 (157)   2910 (149)   2914 (157)   2924 (155)   2936 (155)   2943 (155)   2946 (155)   2895 (152)   2808 (155)
520   2775 (157)   2742 (152)   2708 (155)   2679 (138)   2651 (121)   2623 (126)   2601 (124)   2569 (121)   2540 (124)   2519 (126)
530   2495 (124)   2469 (126)   2448 (126)   2425 (124)   2402 (129)   2382 (126)   2361 (135)   2340 (129)   2314 (129)   2299 (129)
540   2277 (132)   2259 (135)   2239 (132)   2222 (135)   2202 (138)   2188 (138)   2166 (138)   2149 (135)   2136 (140)   2117 (146)
550   2100 (146)   2087 (143)   2067 (140)   2056 (149)   2041 (143)   2023 (146)   2012 (146)   2001 (143)   1990 (146)   1970 (146)
560   1961 (143)   1949 (143)   1933 (152)   1921 (152)   1911 (146)   1895 (149)   1903 (149)   1906 (152)   1903 (146)   1815 (152)
570   1756 (155)   1740 (172)   1731 (160)   1719 (155)   1709 (146)   1701 (155)   1689 (152)   1682 (155)   1675 (152)   1661 (155)
580   1654 (155)   1642 (155)   1635 (157)   1626 (157)   1620 (155)   1614 (157)   1598 (155)   1593 (157)   1585 (160)   1577 (160)
590   1570 (157)   1564 (155)   1553 (157)   1543 (155)   1542 (160)   1533 (157)   1524 (163)   1519 (155)   1510 (155)   1506 (163)
600   1499 (163)   1495 (160)   1487 (160)   1476 (157)   1476 (163)   1470 (160)   1462 (163)   1461 (160)   1453 (157)   1441 (160)
610   1441 (163)   1432 (163)   1429 (166)   1420 (163)   1418 (157)   1411 (163)   1404 (160)   1400 (163)   1397 (163)   1394 (166)
620   1387 (166)   1380 (163)   1380 (163)   1369 (166)   1381 (166)   1363 (163)   1376 (166)   1358 (169)   1353 (163)   1347 (172)
630   1347 (166)   1338 (174)   1339 (166)   1329 (166)   1334 (166)   1333 (169)   1325 (166)   1310 (169)   1316 (163)   1310 (169)
640   1302 (172)   1309 (172)   1296 (166)   1306 (172)   1310 (169)   1297 (166)   1287 (172)   1281 (169)   1287 (174)   1282 (177)
650   1278 (174)   1278 (169)   1267 (169)   1262 (174)   1268 (174)   1268 (172)   1261 (174)   1256 (172)   1250 (169)   1252 (174)
660   1246 (174)   1241 (174)   1246 (174)   1239 (174)   1236 (174)   1242 (172)   1245 (172)   1248 (174)   1243 (174)   1239 (174)
670   1233 (177)   1236 (180)   1228 (183)   1232 (180)   1220 (180)   1227 (177)   1226 (180)   1221 (177)   1230 (180)   1217 (174)
680   1228 (177)   1213 (180)   1209 (177)   1211 (183)   1218 (177)   1214 (186)   1219 (177)   1208 (177)   1207 (177)   1202 (183)
690   1205 (183)   1208 (186)   1207 (180)   1207 (180)   1199 (177)   1208 (180)   1202 (183)   1200 (183)   1193 (183)   1203 (180)
700   1193 (186)   1197 (183)   1202 (183)   1196 (177)   1198 (183)   1199 (180)   1193 (180)   1201 (183)   1195 (183)   1195 (180)
710   1197 (183)   1200 (180)   1196 (186)   1200 (183)   1198 (183)   1194 (183)   1197 (186)   1192 (183)   1192 (183)   1193 (183)
720   1197 (180)   1198 (169)   1198 (163)   1199 (166)   1202 (169)   1194 (174)   1195 (177)   1191 (174)   1193 (172)   1196 (172)
730   1196 (166)   1198 (169)   1194 (166)   1198 (166)   1199 (166)   1194 (169)   1201 (166)   1198 (166)   1202 (166)   1197 (166)
740   1199 (160)   1204 (163)   1207 (163)   1209 (163)   1207 (160)   1210 (160)   1210 (166)   1213 (163)   1217 (163)   1214 (166)
750   1214 (166)   1215 (163)   1217 (160)   1221 (169)   1223 (166)   1221 (160)   1223 (160)   1223 (163)   1228 (163)   1231 (163)
760   1233 (160)   1229 (160)   1239 (163)   1239 (163)   1238 (163)   1237 (163)   1241 (160)   1245 (169)   1243 (166)   1250 (166)
770   1250 (163)   1254 (163)   1256 (163)   1255 (163)   1259 (166)   1258 (166)   1263 (166)   1269 (163)   1273 (163)   1274 (160)
780   1276 (160)   1280 (163)   1282 (163)   1285 (166)   1288 (166)   1290 (160)   1291 (163)   1291 (166)   1298 (166)   1302 (166)
790   1305 (163)   1310 (160)   1314 (163)   1319 (160)   1323 (163)   1322 (160)   1332 (163)   1335 (166)   1337 (166)   1341 (160)
800   1343 (157)   1347 (163)   1359 (163)   1358 (163)   1358 (163)   1365 (160)   1373 (157)      0 (163)      0 (157)     18 (152)
810    193 (152)
